47, 30, 23, 39, 10, 42, 37,  3, 24, 17, 44, 28, 34, 33,  0, 19, 22,
       14, 26, 27,  6, 25, 40,  4,  7, 35, 45, 15,  5, 32,  1, 18, 43,  9,
       46, 36, 31, 38, 12, 11,  8, 16, 20, 13, 48,  2, 41, 21, 29, 49

4.62550828e+10 5.96027693e+10 9.09295853e+10 4.05703834e+10
  5.53592723e+10 5.86414728e+10 4.85138039e+10 5.54426112e+10
  7.51237366e+10 6.50444117e+10 3.50755879e+10 7.33944184e+10
  6.93648153e+10 8.44882169e+10 4.70129198e+10 5.69106741e+10
  8.01344303e+10 4.32929248e+10 6.06901049e+10 4.63318224e+10
  8.24570004e+10 1.01380545e+11 4.69243049e+10 3.44938058e+10
  4.26873242e+10 5.24308416e+10 4.75144335e+10 4.81366620e+10
  4.41910206e+10 1.14574446e+11 3.35002623e+10 6.77810676e+10
  5.93701824e+10 4.62072039e+10 4.55198991e+10 5.57353263e+10
  6.55711561e+10 3.66189455e+10 6.92328238e+10 3.49666309e+10
  5.36431895e+10 1.00324931e+11 3.58536925e+10 6.24651164e+10
  4.41289341e+10 5.66899090e+10 6.55710223e+10 3.10006740e+10
  8.66465723e+10 1.39017957e+11